let data = document.querySelector('pre')
undefined
let numbers = data.innerText.split('').map(x => parseInt(x,10));
undefined
numbers = numbers.splice(15000, 1)
[NaN]
numbers = data.innerText.split('').map(x => parseInt(x,10)).slice(0,15000);
(15000) [2, 2, 2, 0, 0, 2, 2, 1, 1, 2, 2, 0, 2, 2, 2, 2, 2, 2, 2, 2, 2, 2, 2, 2, 2, 1, 0, 2, 2, 2, 1, 2, 2, 2, 2, 2, 2, 2, 2, 2, 2, 2, 1, 2, 2, 1, 2, 0, 2, 2, 2, 2, 0, 2, 2, 2, 2, 2, 2, 0, 2, 2, 2, 2, 2, 1, 2, 0, 2, 0, 2, 2, 2, 2, 2, 2, 2, 2, 2, 2, 2, 2, 2, 2, 0, 2, 2, 2, 1, 2, 2, 2, 1, 2, 2, 2, 2, 2, 2, 2, …]
let width = 25;
undefined
let height = 6;
undefined
let layers = [];
undefined
let layerCount = numbers.length / (width * height);
undefined
let layerSize = 25 * 6;
undefined
let lowerBoundary = 0;
undefined
for(let i = 0; i < layerCount; i++){
    layers.push(numbers.slice(lowerBoundary, lowerBoundary + layerSize);
VM1775:2 Uncaught SyntaxError: missing ) after argument list
for(let i = 0; i < layerCount; i++){
    layers.push(numbers.slice(lowerBoundary, lowerBoundary + layerSize));
	lowerBoundary += layerSize;
}
                
15000
layers
(100) [Array(150), Array(150), Array(150), Array(150), Array(150), Array(150), Array(150), Array(150), Array(150), Array(150), Array(150), Array(150), Array(150), Array(150), Array(150), Array(150), Array(150), Array(150), Array(150), Array(150), Array(150), Array(150), Array(150), Array(150), Array(150), Array(150), Array(150), Array(150), Array(150), Array(150), Array(150), Array(150), Array(150), Array(150), Array(150), Array(150), Array(150), Array(150), Array(150), Array(150), Array(150), Array(150), Array(150), Array(150), Array(150), Array(150), Array(150), Array(150), Array(150), Array(150), Array(150), Array(150), Array(150), Array(150), Array(150), Array(150), Array(150), Array(150), Array(150), Array(150), Array(150), Array(150), Array(150), Array(150), Array(150), Array(150), Array(150), Array(150), Array(150), Array(150), Array(150), Array(150), Array(150), Array(150), Array(150), Array(150), Array(150), Array(150), Array(150), Array(150), Array(150), Array(150), Array(150), Array(150), Array(150), Array(150), Array(150), Array(150), Array(150), Array(150), Array(150), Array(150), Array(150), Array(150), Array(150), Array(150), Array(150), Array(150), Array(150), Array(150)]0: (150) [2, 2, 2, 0, 0, 2, 2, 1, 1, 2, 2, 0, 2, 2, 2, 2, 2, 2, 2, 2, 2, 2, 2, 2, 2, 1, 0, 2, 2, 2, 1, 2, 2, 2, 2, 2, 2, 2, 2, 2, 2, 2, 1, 2, 2, 1, 2, 0, 2, 2, 2, 2, 0, 2, 2, 2, 2, 2, 2, 0, 2, 2, 2, 2, 2, 1, 2, 0, 2, 0, 2, 2, 2, 2, 2, 2, 2, 2, 2, 2, 2, 2, 2, 2, 0, 2, 2, 2, 1, 2, 2, 2, 1, 2, 2, 2, 2, 2, 2, 2, …]1: (150) [2, 2, 2, 0, 1, 2, 2, 1, 0, 2, 2, 0, 2, 2, 2, 2, 2, 2, 2, 2, 2, 2, 2, 2, 2, 2, 1, 2, 2, 2, 1, 2, 2, 2, 2, 2, 2, 2, 2, 2, 2, 2, 0, 2, 2, 1, 2, 1, 2, 2, 2, 2, 0, 2, 2, 2, 2, 2, 2, 0, 2, 2, 2, 2, 2, 1, 2, 1, 2, 2, 2, 2, 2, 2, 2, 2, 0, 2, 2, 2, 2, 2, 2, 2, 0, 2, 2, 2, 2, 2, 2, 2, 1, 2, 2, 2, 2, 2, 2, 2, …]2: (150) [2, 2, 2, 1, 2, 2, 2, 1, 0, 2, 2, 2, 2, 2, 2, 2, 2, 2, 2, 2, 2, 2, 2, 2, 0, 2, 2, 2, 2, 2, 0, 2, 2, 2, 2, 2, 2, 2, 2, 2, 2, 2, 0, 2, 2, 1, 2, 2, 2, 2, 2, 2, 1, 2, 2, 2, 2, 2, 2, 1, 2, 2, 2, 2, 2, 1, 2, 2, 2, 2, 2, 2, 2, 2, 2, 2, 2, 2, 2, 2, 2, 2, 2, 2, 0, 2, 2, 2, 2, 2, 2, 2, 0, 2, 2, 2, 2, 2, 2, 2, …]3: (150) [2, 2, 2, 1, 1, 2, 2, 2, 1, 2, 0, 2, 2, 2, 2, 2, 2, 2, 2, 2, 2, 2, 2, 2, 1, 1, 1, 2, 2, 2, 0, 2, 2, 2, 2, 2, 2, 2, 2, 2, 2, 2, 1, 2, 2, 0, 2, 2, 2, 2, 2, 2, 1, 2, 2, 2, 2, 2, 2, 2, 2, 2, 2, 2, 2, 2, 2, 1, 2, 1, 2, 2, 2, 2, 2, 2, 0, 2, 2, 2, 2, 2, 2, 2, 2, 2, 2, 2, 1, 2, 2, 2, 0, 2, 2, 2, 2, 2, 2, 2, …]4: (150) [2, 2, 2, 2, 1, 2, 2, 1, 1, 2, 1, 0, 2, 2, 2, 2, 2, 2, 2, 2, 2, 2, 2, 2, 0, 2, 2, 2, 2, 2, 0, 2, 2, 2, 2, 2, 2, 2, 2, 2, 2, 2, 2, 2, 2, 2, 2, 0, 2, 2, 2, 2, 2, 2, 2, 2, 2, 2, 2, 2, 2, 2, 2, 2, 2, 0, 2, 0, 2, 1, 2, 2, 2, 2, 2, 2, 1, 2, 2, 2, 2, 2, 2, 2, 2, 2, 2, 2, 2, 2, 2, 2, 0, 2, 2, 2, 2, 2, 2, 2, …]5: (150) [2, 2, 2, 2, 1, 2, 2, 0, 1, 2, 0, 2, 2, 2, 2, 2, 2, 2, 2, 2, 2, 2, 2, 2, 2, 1, 2, 2, 2, 2, 0, 2, 2, 2, 2, 2, 2, 2, 2, 2, 2, 2, 0, 2, 2, 1, 2, 2, 2, 2, 2, 2, 0, 2, 2, 2, 2, 2, 2, 1, 2, 2, 2, 2, 2, 1, 2, 1, 2, 0, 2, 2, 2, 2, 2, 2, 1, 2, 2, 2, 2, 2, 2, 2, 0, 2, 2, 2, 2, 2, 2, 2, 0, 2, 2, 2, 2, 2, 2, 2, …]6: (150) [2, 2, 2, 1, 2, 2, 2, 0, 0, 2, 0, 0, 2, 2, 2, 2, 2, 2, 2, 2, 2, 2, 2, 2, 1, 1, 0, 2, 2, 2, 2, 2, 2, 2, 2, 2, 2, 2, 2, 2, 2, 2, 2, 0, 2, 0, 2, 0, 2, 2, 2, 2, 2, 2, 2, 2, 2, 2, 2, 1, 2, 2, 2, 2, 2, 2, 2, 1, 2, 0, 2, 2, 2, 2, 2, 2, 0, 2, 2, 2, 2, 2, 2, 2, 2, 2, 2, 2, 1, 2, 2, 2, 2, 2, 2, 2, 2, 2, 2, 2, …]7: (150) [2, 2, 2, 0, 2, 2, 2, 0, 1, 2, 1, 2, 2, 2, 2, 2, 2, 2, 2, 2, 2, 2, 2, 2, 2, 1, 0, 2, 2, 2, 2, 2, 2, 2, 2, 2, 2, 2, 2, 2, 2, 2, 0, 1, 2, 1, 2, 2, 2, 2, 2, 2, 0, 2, 2, 2, 2, 2, 2, 1, 2, 2, 2, 2, 2, 2, 2, 2, 2, 2, 2, 2, 2, 2, 2, 2, 2, 2, 2, 2, 2, 2, 2, 2, 0, 2, 2, 2, 2, 2, 2, 2, 0, 2, 2, 2, 2, 2, 2, 2, …]8: (150) [2, 2, 2, 0, 2, 2, 2, 0, 1, 2, 1, 0, 2, 2, 2, 2, 2, 2, 2, 2, 2, 2, 2, 2, 0, 1, 0, 2, 2, 2, 2, 2, 2, 2, 2, 2, 2, 2, 2, 2, 2, 2, 2, 0, 2, 0, 2, 2, 2, 2, 2, 2, 1, 2, 2, 2, 2, 2, 2, 2, 2, 2, 2, 2, 2, 2, 2, 0, 2, 2, 2, 2, 2, 2, 2, 2, 0, 2, 2, 2, 2, 2, 2, 2, 0, 2, 2, 2, 1, 2, 2, 2, 0, 2, 2, 2, 2, 2, 2, 2, …]9: (150) [2, 2, 2, 0, 1, 2, 2, 0, 2, 2, 1, 1, 2, 2, 2, 2, 2, 2, 2, 2, 2, 2, 2, 2, 1, 0, 0, 2, 2, 2, 0, 2, 2, 2, 2, 2, 2, 2, 2, 2, 2, 2, 2, 2, 2, 0, 2, 0, 2, 2, 2, 2, 1, 2, 2, 2, 2, 2, 2, 2, 2, 2, 2, 2, 2, 0, 2, 2, 2, 1, 2, 2, 2, 2, 2, 2, 2, 2, 2, 2, 1, 2, 2, 2, 2, 2, 2, 2, 0, 2, 2, 2, 1, 2, 2, 2, 2, 2, 2, 2, …]10: (150) [2, 2, 2, 2, 1, 2, 2, 2, 0, 2, 1, 2, 2, 2, 2, 2, 2, 2, 2, 2, 2, 2, 2, 2, 0, 2, 0, 2, 2, 2, 0, 2, 2, 2, 2, 2, 2, 2, 2, 2, 2, 2, 0, 1, 2, 0, 2, 1, 2, 2, 2, 2, 2, 2, 2, 2, 2, 2, 2, 1, 2, 2, 2, 2, 2, 1, 2, 0, 2, 1, 2, 2, 2, 2, 2, 2, 0, 2, 2, 2, 1, 2, 2, 2, 1, 2, 2, 2, 0, 2, 2, 2, 2, 2, 2, 2, 2, 2, 2, 2, …]11: (150) [2, 2, 2, 0, 0, 2, 2, 0, 2, 2, 0, 2, 2, 2, 2, 2, 2, 2, 2, 2, 2, 2, 2, 2, 1, 2, 1, 2, 2, 2, 1, 2, 2, 2, 2, 2, 2, 2, 2, 2, 2, 2, 0, 0, 2, 1, 2, 0, 2, 2, 2, 2, 1, 2, 2, 2, 2, 2, 2, 0, 2, 2, 2, 2, 2, 0, 2, 0, 2, 1, 2, 2, 2, 2, 2, 2, 2, 2, 2, 2, 1, 2, 2, 2, 2, 2, 2, 2, 0, 2, 2, 2, 0, 2, 2, 2, 2, 2, 2, 2, …]12: (150) [2, 2, 2, 2, 2, 2, 2, 2, 1, 0, 2, 1, 2, 2, 2, 2, 2, 2, 2, 2, 2, 2, 2, 2, 2, 2, 2, 2, 2, 2, 0, 2, 2, 2, 2, 2, 2, 2, 2, 2, 2, 2, 0, 2, 2, 2, 2, 2, 2, 2, 2, 2, 2, 2, 2, 2, 2, 2, 2, 0, 2, 2, 2, 2, 2, 1, 2, 2, 2, 2, 2, 2, 2, 2, 2, 2, 0, 2, 2, 2, 2, 2, 2, 2, 2, 2, 2, 2, 1, 2, 2, 2, 2, 2, 2, 2, 2, 2, 2, 2, …]13: (150) [2, 2, 2, 0, 1, 2, 2, 2, 0, 0, 0, 2, 2, 2, 2, 2, 2, 2, 2, 2, 2, 2, 2, 2, 0, 1, 0, 2, 2, 2, 1, 2, 2, 2, 2, 2, 2, 2, 2, 2, 2, 2, 1, 1, 2, 1, 2, 0, 2, 2, 2, 2, 2, 2, 2, 2, 2, 2, 2, 1, 2, 2, 2, 2, 2, 1, 2, 1, 2, 2, 2, 2, 2, 2, 2, 2, 1, 2, 2, 2, 2, 2, 2, 2, 2, 2, 2, 2, 2, 2, 2, 2, 2, 2, 2, 2, 2, 2, 2, 2, …]14: (150) [2, 2, 2, 1, 1, 2, 2, 2, 2, 0, 1, 2, 2, 2, 2, 2, 2, 2, 2, 2, 2, 2, 2, 2, 1, 1, 0, 2, 2, 2, 0, 2, 2, 2, 2, 2, 2, 2, 2, 2, 2, 2, 2, 2, 2, 1, 2, 2, 2, 2, 2, 2, 0, 2, 2, 2, 2, 2, 2, 1, 2, 2, 2, 2, 2, 2, 2, 2, 2, 2, 2, 2, 2, 2, 2, 2, 1, 2, 2, 2, 1, 2, 2, 2, 1, 0, 2, 2, 0, 2, 2, 2, 2, 2, 2, 2, 2, 2, 2, 2, …]15: (150) [2, 2, 2, 1, 2, 2, 2, 2, 0, 1, 0, 1, 2, 2, 2, 2, 2, 2, 2, 2, 2, 2, 2, 2, 1, 2, 0, 2, 2, 2, 0, 2, 2, 2, 2, 2, 2, 2, 2, 2, 2, 2, 2, 0, 2, 0, 2, 2, 2, 2, 2, 2, 0, 2, 2, 2, 2, 2, 2, 2, 2, 2, 2, 2, 2, 0, 2, 2, 2, 1, 2, 2, 2, 2, 2, 2, 1, 2, 2, 2, 2, 2, 2, 2, 0, 1, 2, 2, 1, 2, 2, 0, 1, 2, 2, 2, 2, 2, 2, 2, …]16: (150) [1, 2, 2, 0, 0, 2, 2, 2, 0, 0, 1, 2, 2, 2, 2, 2, 2, 2, 2, 2, 2, 2, 2, 2, 2, 0, 1, 2, 2, 2, 1, 2, 2, 2, 2, 2, 2, 2, 2, 2, 2, 2, 2, 0, 2, 2, 2, 2, 2, 2, 2, 2, 0, 2, 2, 2, 2, 2, 2, 2, 2, 2, 2, 2, 2, 0, 2, 2, 2, 0, 2, 2, 2, 2, 2, 2, 2, 2, 2, 2, 0, 2, 2, 2, 2, 2, 2, 2, 0, 2, 2, 1, 0, 2, 2, 2, 2, 2, 2, 2, …]17: (150) [2, 2, 2, 0, 0, 2, 2, 2, 0, 0, 0, 2, 2, 2, 2, 2, 2, 2, 2, 2, 2, 2, 2, 2, 0, 2, 0, 2, 2, 2, 0, 2, 2, 2, 2, 2, 2, 2, 2, 2, 2, 2, 1, 0, 2, 1, 2, 2, 2, 2, 2, 2, 1, 2, 2, 2, 2, 2, 2, 0, 2, 2, 2, 2, 2, 1, 2, 0, 2, 1, 2, 2, 2, 2, 0, 2, 1, 2, 2, 2, 1, 2, 2, 2, 2, 2, 2, 2, 1, 2, 2, 0, 0, 2, 2, 2, 2, 2, 2, 2, …]18: (150) [2, 2, 2, 0, 0, 2, 2, 0, 2, 0, 1, 0, 2, 2, 2, 2, 2, 2, 2, 2, 2, 2, 2, 2, 2, 1, 2, 2, 2, 2, 1, 2, 2, 2, 2, 2, 2, 2, 2, 2, 2, 2, 2, 2, 2, 2, 2, 2, 2, 2, 2, 2, 1, 2, 2, 2, 2, 2, 2, 0, 2, 2, 2, 2, 2, 0, 2, 0, 2, 2, 2, 2, 2, 2, 2, 2, 2, 2, 2, 2, 1, 2, 2, 2, 1, 2, 2, 2, 1, 2, 2, 1, 2, 2, 2, 2, 2, 2, 2, 2, …]19: (150) [2, 2, 2, 0, 2, 2, 2, 1, 0, 0, 1, 2, 2, 2, 2, 2, 2, 2, 2, 2, 2, 2, 2, 2, 0, 2, 2, 2, 2, 2, 2, 2, 2, 2, 2, 2, 2, 2, 2, 2, 2, 2, 2, 1, 2, 0, 2, 0, 1, 2, 2, 2, 2, 2, 2, 2, 2, 2, 2, 2, 2, 2, 2, 2, 2, 2, 2, 1, 2, 1, 2, 2, 2, 2, 2, 2, 2, 2, 2, 2, 0, 2, 2, 2, 2, 0, 2, 2, 0, 2, 2, 2, 2, 2, 2, 2, 2, 2, 2, 2, …]20: (150) [2, 2, 2, 1, 0, 2, 2, 1, 2, 2, 2, 1, 2, 2, 2, 2, 2, 2, 2, 2, 2, 2, 2, 2, 1, 2, 2, 2, 2, 2, 1, 2, 2, 2, 2, 2, 2, 2, 2, 2, 2, 2, 2, 0, 2, 2, 2, 2, 1, 2, 2, 2, 1, 2, 2, 2, 2, 2, 2, 2, 2, 2, 2, 2, 2, 0, 2, 1, 2, 1, 2, 2, 2, 2, 0, 2, 2, 2, 2, 2, 0, 2, 2, 2, 1, 2, 2, 2, 0, 2, 2, 0, 2, 2, 2, 2, 2, 2, 2, 2, …]21: (150) [1, 2, 0, 2, 2, 2, 2, 2, 2, 2, 0, 2, 2, 2, 2, 2, 2, 2, 2, 2, 2, 2, 2, 2, 0, 2, 0, 2, 2, 2, 0, 2, 2, 2, 2, 2, 2, 2, 2, 2, 2, 2, 1, 0, 2, 1, 2, 1, 1, 2, 2, 2, 1, 2, 2, 2, 2, 2, 2, 0, 2, 2, 2, 2, 2, 0, 2, 0, 2, 2, 2, 2, 2, 2, 0, 2, 1, 2, 2, 2, 0, 2, 2, 2, 1, 0, 2, 2, 1, 2, 2, 2, 2, 2, 2, 2, 2, 2, 2, 2, …]22: (150) [1, 2, 1, 1, 1, 2, 2, 1, 2, 2, 2, 0, 2, 2, 2, 2, 2, 2, 2, 2, 2, 2, 2, 2, 2, 1, 1, 2, 2, 2, 1, 2, 2, 2, 2, 2, 2, 2, 2, 2, 2, 2, 2, 2, 2, 0, 2, 1, 2, 2, 2, 2, 1, 2, 2, 2, 2, 2, 2, 2, 2, 2, 2, 2, 2, 1, 2, 0, 2, 0, 2, 2, 2, 2, 2, 2, 1, 2, 2, 2, 0, 2, 2, 2, 1, 0, 2, 2, 0, 2, 2, 2, 2, 2, 2, 2, 2, 2, 2, 2, …]23: (150) [2, 2, 0, 0, 1, 2, 2, 1, 2, 1, 1, 2, 2, 1, 2, 2, 2, 2, 2, 2, 2, 2, 2, 2, 2, 2, 2, 2, 2, 2, 1, 2, 2, 2, 2, 2, 2, 2, 2, 2, 2, 2, 1, 1, 2, 0, 2, 2, 2, 2, 2, 2, 1, 2, 2, 2, 2, 2, 2, 1, 2, 2, 2, 2, 2, 1, 2, 0, 2, 2, 2, 2, 2, 2, 1, 2, 0, 2, 2, 2, 2, 2, 2, 2, 2, 0, 2, 2, 0, 2, 2, 1, 1, 2, 2, 2, 2, 2, 2, 2, …]24: (150) [2, 2, 1, 0, 0, 2, 2, 1, 0, 0, 0, 0, 2, 0, 2, 2, 2, 2, 2, 2, 2, 2, 2, 2, 1, 2, 2, 2, 2, 2, 2, 2, 2, 2, 2, 2, 2, 2, 2, 2, 2, 2, 1, 0, 2, 1, 2, 2, 0, 2, 2, 2, 0, 2, 2, 2, 2, 2, 2, 0, 2, 2, 2, 2, 2, 2, 2, 2, 2, 0, 2, 2, 2, 2, 2, 2, 0, 2, 2, 2, 1, 2, 2, 2, 2, 1, 2, 2, 0, 2, 2, 0, 0, 2, 2, 2, 2, 2, 2, 2, …]25: (150) [0, 2, 1, 0, 0, 2, 2, 0, 2, 1, 2, 2, 2, 0, 2, 2, 2, 2, 2, 2, 2, 2, 2, 2, 1, 1, 1, 2, 2, 2, 2, 2, 2, 2, 2, 2, 2, 2, 2, 2, 2, 2, 0, 0, 2, 2, 2, 1, 0, 2, 2, 2, 0, 2, 2, 2, 2, 2, 2, 1, 2, 2, 2, 2, 0, 1, 2, 1, 2, 0, 2, 2, 2, 2, 2, 2, 0, 2, 2, 2, 0, 2, 2, 2, 0, 1, 2, 2, 0, 2, 2, 1, 0, 2, 2, 2, 2, 2, 2, 2, …]26: (150) [1, 2, 1, 2, 0, 2, 2, 2, 1, 2, 2, 1, 2, 1, 2, 2, 2, 2, 2, 2, 2, 2, 2, 2, 2, 0, 1, 2, 2, 2, 1, 2, 2, 2, 2, 2, 2, 2, 2, 2, 2, 2, 2, 0, 2, 1, 2, 0, 2, 2, 2, 2, 0, 2, 2, 2, 2, 2, 2, 1, 2, 2, 2, 2, 2, 1, 2, 2, 2, 0, 2, 2, 2, 2, 1, 2, 2, 2, 2, 2, 1, 2, 2, 2, 0, 2, 2, 2, 0, 2, 2, 0, 1, 2, 2, 2, 2, 2, 2, 2, …]27: (150) [0, 2, 1, 2, 2, 2, 2, 0, 1, 2, 1, 0, 2, 1, 2, 2, 2, 2, 2, 2, 2, 2, 2, 2, 2, 2, 0, 2, 2, 2, 0, 2, 2, 2, 2, 2, 2, 2, 2, 2, 2, 2, 0, 2, 2, 1, 2, 1, 0, 2, 2, 2, 1, 2, 2, 2, 2, 2, 2, 1, 2, 2, 2, 2, 1, 0, 2, 2, 2, 1, 2, 2, 2, 2, 1, 2, 0, 2, 2, 2, 2, 2, 2, 2, 2, 0, 2, 2, 2, 2, 2, 1, 1, 2, 2, 2, 2, 2, 2, 2, …]28: (150) [0, 2, 0, 0, 1, 2, 2, 2, 2, 1, 2, 2, 2, 0, 2, 2, 2, 2, 2, 2, 2, 2, 2, 2, 0, 2, 0, 2, 2, 2, 0, 2, 2, 2, 2, 2, 2, 2, 2, 2, 2, 2, 0, 0, 2, 1, 2, 2, 0, 2, 2, 2, 0, 2, 2, 2, 2, 2, 2, 0, 2, 2, 2, 2, 2, 2, 2, 2, 2, 0, 2, 2, 2, 2, 1, 2, 1, 2, 2, 2, 0, 2, 2, 2, 0, 0, 2, 0, 1, 2, 2, 2, 2, 2, 2, 2, 2, 2, 2, 2, …]29: (150) [1, 2, 2, 2, 2, 2, 2, 0, 2, 0, 0, 0, 2, 0, 2, 2, 2, 2, 2, 2, 2, 2, 2, 2, 0, 2, 2, 2, 2, 2, 2, 2, 2, 2, 2, 2, 2, 2, 2, 2, 2, 2, 1, 2, 2, 0, 2, 0, 0, 2, 2, 2, 2, 2, 2, 2, 2, 2, 2, 2, 2, 2, 2, 2, 1, 0, 2, 1, 2, 0, 1, 2, 2, 2, 0, 2, 1, 2, 2, 2, 2, 2, 2, 2, 0, 2, 2, 2, 2, 2, 2, 2, 1, 2, 2, 2, 2, 2, 2, 2, …]30: (150) [2, 2, 2, 1, 1, 2, 2, 0, 1, 1, 2, 1, 2, 1, 2, 2, 2, 2, 2, 2, 2, 2, 2, 2, 2, 0, 2, 2, 2, 2, 1, 2, 2, 2, 2, 2, 2, 2, 2, 2, 2, 2, 0, 1, 2, 2, 2, 1, 0, 2, 2, 2, 1, 2, 2, 2, 2, 2, 2, 1, 2, 2, 2, 2, 2, 1, 2, 2, 2, 1, 1, 2, 2, 2, 0, 2, 0, 2, 2, 2, 2, 2, 2, 2, 2, 2, 2, 2, 1, 2, 2, 1, 0, 2, 2, 2, 2, 2, 2, 2, …]31: (150) [1, 2, 2, 2, 2, 2, 2, 0, 1, 2, 0, 0, 2, 2, 2, 2, 2, 2, 2, 2, 2, 2, 2, 2, 2, 2, 1, 2, 2, 2, 2, 2, 2, 2, 2, 2, 2, 2, 2, 2, 2, 2, 1, 1, 2, 1, 2, 0, 0, 2, 2, 2, 1, 2, 2, 2, 2, 2, 2, 1, 2, 2, 2, 2, 1, 2, 2, 1, 2, 0, 2, 2, 2, 2, 0, 2, 1, 2, 2, 2, 1, 2, 2, 2, 1, 1, 2, 1, 0, 2, 2, 0, 1, 2, 2, 2, 2, 2, 2, 2, …]32: (150) [2, 2, 0, 0, 2, 2, 2, 1, 1, 2, 2, 1, 2, 1, 2, 2, 2, 2, 2, 2, 2, 2, 2, 2, 0, 1, 0, 2, 2, 2, 1, 2, 2, 2, 2, 2, 2, 2, 2, 2, 2, 2, 2, 0, 2, 0, 2, 1, 1, 2, 2, 2, 1, 2, 2, 2, 2, 2, 2, 1, 0, 2, 2, 2, 1, 2, 2, 2, 2, 1, 2, 2, 2, 2, 2, 2, 2, 2, 2, 2, 1, 2, 2, 2, 1, 0, 2, 0, 2, 2, 2, 1, 1, 2, 2, 2, 2, 2, 2, 2, …]33: (150) [1, 2, 1, 0, 1, 2, 2, 2, 2, 1, 1, 0, 2, 2, 2, 2, 2, 2, 2, 2, 2, 2, 2, 2, 0, 1, 2, 2, 2, 2, 1, 2, 2, 2, 2, 2, 2, 2, 1, 2, 2, 2, 1, 2, 2, 2, 2, 0, 2, 2, 2, 2, 0, 2, 2, 2, 2, 2, 2, 2, 0, 2, 2, 2, 1, 2, 2, 0, 2, 1, 0, 2, 2, 2, 0, 2, 1, 2, 2, 2, 2, 2, 2, 2, 1, 0, 2, 2, 0, 2, 2, 1, 1, 2, 2, 2, 2, 2, 2, 2, …]34: (150) [1, 2, 2, 0, 2, 2, 2, 2, 0, 1, 2, 1, 2, 0, 2, 2, 2, 2, 2, 2, 2, 2, 2, 2, 0, 1, 1, 2, 2, 2, 2, 2, 0, 2, 2, 2, 2, 2, 0, 2, 2, 2, 2, 1, 2, 1, 2, 0, 2, 2, 2, 2, 0, 2, 2, 2, 2, 2, 2, 0, 0, 2, 2, 2, 0, 1, 2, 0, 2, 0, 1, 2, 2, 2, 1, 2, 0, 2, 2, 2, 2, 2, 2, 2, 0, 2, 2, 0, 1, 2, 2, 2, 2, 2, 2, 2, 2, 2, 2, 2, …]35: (150) [0, 2, 0, 2, 1, 2, 2, 1, 2, 1, 2, 0, 2, 0, 2, 2, 2, 2, 2, 2, 2, 2, 2, 2, 0, 0, 0, 2, 2, 2, 1, 2, 2, 2, 2, 2, 2, 2, 1, 2, 2, 2, 2, 1, 2, 0, 2, 1, 1, 2, 2, 2, 0, 2, 2, 2, 2, 2, 2, 1, 1, 2, 2, 2, 2, 2, 2, 1, 2, 1, 0, 2, 2, 2, 2, 2, 1, 2, 0, 2, 1, 2, 2, 2, 1, 0, 2, 0, 0, 2, 2, 1, 2, 2, 2, 2, 2, 2, 2, 2, …]36: (150) [2, 2, 1, 1, 2, 2, 2, 0, 1, 1, 0, 0, 2, 1, 2, 2, 2, 2, 2, 2, 2, 2, 2, 2, 1, 1, 0, 2, 2, 2, 1, 2, 1, 2, 2, 2, 2, 2, 2, 2, 2, 2, 1, 2, 2, 2, 2, 2, 2, 2, 2, 2, 1, 2, 2, 2, 2, 2, 2, 1, 0, 2, 2, 2, 2, 1, 2, 2, 2, 1, 2, 2, 2, 2, 1, 2, 2, 2, 0, 2, 1, 2, 2, 2, 0, 0, 2, 0, 0, 2, 2, 2, 0, 2, 2, 2, 2, 2, 2, 2, …]37: (150) [1, 2, 2, 2, 2, 2, 2, 2, 2, 2, 2, 1, 2, 1, 2, 2, 2, 2, 2, 2, 2, 2, 2, 2, 0, 1, 0, 2, 2, 2, 0, 2, 0, 2, 0, 2, 2, 2, 0, 2, 2, 2, 2, 2, 2, 1, 2, 2, 1, 2, 2, 2, 0, 2, 2, 2, 2, 2, 2, 2, 1, 2, 2, 2, 2, 2, 2, 0, 2, 0, 1, 2, 2, 2, 2, 2, 0, 2, 0, 2, 1, 2, 2, 2, 1, 0, 2, 0, 0, 2, 2, 2, 1, 2, 2, 2, 2, 2, 2, 2, …]38: (150) [2, 2, 0, 0, 2, 2, 2, 2, 0, 0, 1, 1, 2, 2, 2, 2, 2, 2, 2, 2, 2, 2, 2, 2, 1, 2, 1, 2, 2, 2, 2, 2, 0, 2, 2, 2, 2, 2, 1, 2, 2, 2, 0, 0, 2, 0, 2, 0, 0, 2, 2, 2, 0, 2, 2, 2, 2, 2, 2, 1, 1, 2, 2, 2, 1, 1, 2, 0, 2, 1, 0, 2, 2, 2, 0, 2, 1, 2, 2, 2, 2, 2, 2, 2, 0, 0, 2, 1, 1, 2, 2, 2, 1, 2, 2, 2, 2, 2, 2, 2, …]39: (150) [2, 2, 1, 1, 0, 2, 2, 0, 1, 1, 2, 1, 2, 1, 2, 2, 2, 2, 2, 2, 2, 2, 2, 2, 2, 0, 1, 2, 2, 2, 2, 2, 1, 2, 2, 2, 2, 2, 2, 2, 2, 2, 2, 1, 2, 1, 2, 0, 0, 2, 2, 2, 1, 2, 2, 2, 2, 2, 2, 2, 0, 2, 2, 2, 0, 1, 2, 0, 2, 1, 0, 2, 2, 2, 1, 2, 0, 2, 2, 0, 2, 2, 2, 2, 2, 2, 2, 1, 2, 2, 2, 1, 1, 2, 2, 2, 2, 2, 2, 2, …]40: (150) [2, 2, 2, 1, 2, 2, 2, 2, 1, 1, 2, 0, 2, 2, 2, 2, 2, 2, 2, 2, 2, 2, 2, 2, 0, 0, 1, 2, 2, 2, 1, 2, 2, 2, 2, 2, 2, 2, 0, 2, 2, 2, 0, 2, 2, 0, 2, 1, 0, 2, 2, 2, 1, 2, 2, 2, 2, 2, 2, 0, 0, 2, 2, 2, 1, 0, 2, 2, 2, 2, 2, 2, 2, 2, 1, 2, 0, 0, 0, 1, 2, 2, 2, 2, 1, 1, 2, 0, 1, 2, 2, 0, 0, 2, 2, 2, 2, 2, 2, 2, …]41: (150) [2, 2, 0, 0, 0, 2, 2, 2, 1, 1, 1, 0, 2, 0, 0, 2, 2, 2, 2, 2, 2, 2, 2, 2, 2, 0, 1, 2, 2, 2, 1, 2, 0, 2, 1, 2, 2, 2, 2, 2, 2, 2, 2, 0, 2, 2, 2, 1, 1, 2, 2, 2, 0, 2, 2, 2, 2, 2, 2, 2, 0, 2, 2, 2, 0, 2, 2, 2, 2, 1, 2, 2, 2, 2, 0, 2, 1, 2, 2, 1, 1, 2, 2, 2, 0, 2, 2, 0, 1, 2, 2, 1, 2, 2, 2, 2, 2, 2, 2, 2, …]42: (150) [1, 2, 0, 2, 2, 2, 2, 2, 1, 2, 0, 2, 2, 1, 2, 2, 2, 2, 2, 2, 2, 2, 2, 2, 2, 0, 0, 2, 2, 2, 2, 2, 1, 2, 1, 2, 2, 2, 0, 2, 2, 2, 2, 2, 2, 0, 2, 1, 1, 2, 2, 2, 2, 2, 2, 2, 2, 2, 2, 0, 0, 2, 2, 2, 2, 1, 2, 0, 2, 1, 2, 2, 2, 2, 1, 2, 0, 0, 0, 0, 2, 2, 2, 2, 0, 2, 2, 2, 0, 2, 2, 1, 2, 2, 2, 2, 2, 2, 2, 2, …]43: (150) [1, 2, 1, 1, 2, 2, 2, 2, 2, 2, 2, 1, 2, 0, 1, 2, 2, 2, 2, 2, 0, 2, 2, 2, 1, 0, 1, 2, 2, 2, 0, 2, 0, 2, 0, 2, 2, 2, 0, 2, 2, 2, 0, 2, 2, 1, 2, 1, 1, 2, 2, 2, 1, 2, 2, 2, 2, 2, 2, 2, 1, 2, 2, 2, 2, 0, 2, 1, 2, 2, 0, 2, 2, 2, 0, 2, 0, 2, 2, 0, 0, 2, 2, 2, 1, 1, 2, 1, 0, 2, 2, 0, 0, 2, 2, 2, 2, 2, 2, 2, …]44: (150) [1, 2, 0, 2, 2, 2, 2, 2, 1, 2, 0, 1, 2, 0, 1, 2, 2, 2, 2, 2, 1, 2, 2, 0, 1, 1, 0, 2, 2, 2, 1, 2, 2, 2, 1, 2, 2, 2, 2, 2, 2, 2, 0, 2, 2, 0, 2, 2, 0, 2, 2, 2, 2, 2, 2, 2, 2, 2, 2, 0, 1, 2, 2, 1, 0, 2, 2, 0, 2, 1, 2, 2, 2, 2, 0, 2, 1, 0, 1, 1, 1, 2, 2, 2, 2, 1, 2, 1, 0, 2, 2, 2, 1, 2, 2, 2, 2, 2, 2, 2, …]45: (150) [0, 2, 0, 2, 1, 2, 2, 0, 0, 1, 1, 0, 2, 2, 1, 2, 2, 2, 2, 2, 0, 2, 2, 0, 2, 1, 2, 2, 2, 2, 2, 2, 0, 2, 2, 2, 2, 2, 0, 2, 2, 2, 1, 1, 2, 2, 2, 0, 2, 2, 2, 2, 1, 2, 2, 2, 2, 2, 2, 0, 2, 2, 2, 0, 0, 1, 2, 2, 2, 0, 0, 2, 2, 2, 2, 2, 2, 1, 2, 1, 2, 2, 2, 2, 1, 1, 2, 0, 0, 2, 2, 1, 0, 2, 2, 2, 2, 2, 2, 2, …]46: (150) [0, 2, 0, 1, 1, 2, 2, 1, 2, 1, 0, 0, 2, 1, 2, 2, 2, 2, 2, 2, 2, 2, 2, 0, 1, 1, 2, 2, 2, 2, 2, 2, 1, 2, 2, 2, 0, 2, 0, 2, 2, 2, 0, 1, 2, 1, 2, 2, 1, 2, 2, 2, 1, 2, 2, 2, 2, 2, 2, 2, 1, 2, 2, 0, 2, 0, 2, 0, 2, 1, 2, 2, 2, 2, 2, 2, 1, 0, 1, 0, 2, 2, 2, 2, 1, 1, 2, 2, 2, 2, 2, 1, 2, 2, 2, 2, 2, 2, 2, 2, …]47: (150) [1, 2, 2, 2, 1, 2, 2, 0, 2, 1, 2, 0, 2, 0, 1, 2, 2, 2, 2, 2, 2, 2, 2, 1, 2, 0, 2, 2, 2, 2, 1, 2, 0, 2, 0, 2, 2, 2, 0, 2, 2, 2, 0, 0, 2, 0, 2, 1, 2, 2, 2, 2, 1, 2, 2, 2, 2, 2, 2, 2, 2, 2, 2, 1, 1, 2, 2, 2, 2, 1, 2, 2, 2, 2, 1, 2, 2, 0, 2, 2, 2, 2, 2, 2, 2, 0, 2, 1, 2, 2, 2, 1, 2, 2, 2, 2, 2, 2, 2, 2, …]48: (150) [0, 2, 0, 1, 0, 2, 2, 0, 2, 2, 0, 0, 2, 1, 2, 2, 2, 2, 2, 2, 1, 2, 2, 1, 2, 0, 1, 2, 2, 2, 2, 2, 1, 2, 0, 2, 1, 2, 2, 2, 2, 2, 1, 2, 2, 2, 2, 0, 1, 2, 2, 2, 1, 2, 2, 2, 2, 2, 2, 2, 1, 2, 2, 1, 1, 0, 2, 0, 2, 1, 2, 2, 2, 2, 1, 2, 2, 1, 2, 0, 1, 2, 2, 2, 1, 1, 2, 0, 1, 2, 2, 2, 0, 2, 2, 2, 2, 2, 2, 2, …]49: (150) [0, 2, 2, 0, 1, 2, 2, 2, 2, 0, 2, 2, 2, 2, 2, 1, 2, 2, 2, 2, 0, 2, 2, 1, 1, 1, 2, 2, 2, 2, 0, 2, 0, 2, 1, 2, 0, 2, 0, 2, 2, 2, 1, 1, 2, 0, 2, 2, 1, 2, 2, 2, 1, 2, 2, 2, 2, 2, 2, 2, 2, 2, 2, 1, 2, 1, 2, 2, 2, 1, 0, 2, 2, 2, 2, 2, 2, 1, 1, 2, 0, 2, 2, 2, 0, 2, 2, 0, 1, 2, 2, 1, 0, 2, 2, 2, 2, 2, 2, 2, …]50: (150) [0, 2, 2, 1, 1, 2, 2, 2, 1, 0, 0, 2, 1, 0, 2, 2, 0, 2, 2, 2, 0, 2, 2, 1, 2, 0, 2, 2, 2, 2, 0, 2, 1, 2, 1, 2, 1, 2, 0, 2, 2, 2, 1, 2, 2, 1, 2, 1, 0, 2, 2, 2, 0, 2, 2, 2, 2, 2, 2, 0, 1, 2, 2, 2, 1, 2, 2, 1, 2, 2, 0, 2, 2, 2, 2, 2, 2, 1, 1, 2, 1, 2, 2, 2, 2, 0, 2, 1, 0, 2, 2, 1, 2, 2, 2, 2, 2, 2, 2, 2, …]51: (150) [1, 2, 0, 2, 2, 2, 1, 1, 0, 2, 0, 0, 0, 1, 2, 1, 1, 2, 2, 2, 1, 2, 2, 2, 1, 0, 1, 2, 2, 2, 1, 2, 2, 2, 0, 2, 2, 2, 0, 2, 2, 2, 1, 1, 2, 0, 2, 0, 0, 2, 2, 2, 1, 2, 2, 2, 2, 2, 2, 1, 1, 2, 2, 0, 1, 1, 2, 1, 2, 0, 2, 2, 2, 2, 0, 2, 0, 2, 0, 0, 1, 2, 0, 2, 0, 2, 2, 0, 2, 2, 2, 2, 1, 2, 2, 2, 2, 2, 2, 2, …]52: (150) [2, 2, 1, 1, 1, 2, 2, 2, 1, 0, 1, 2, 0, 1, 2, 1, 0, 2, 2, 2, 0, 1, 2, 2, 1, 0, 0, 2, 2, 2, 0, 2, 1, 2, 0, 2, 2, 2, 2, 2, 2, 2, 1, 1, 2, 0, 2, 0, 0, 2, 2, 2, 1, 2, 2, 2, 2, 2, 2, 1, 2, 2, 2, 1, 1, 2, 2, 2, 2, 2, 2, 2, 2, 2, 2, 2, 1, 1, 0, 1, 0, 2, 2, 2, 2, 1, 0, 0, 2, 2, 2, 2, 2, 2, 2, 2, 2, 2, 2, 2, …]53: (150) [2, 2, 2, 2, 2, 2, 0, 1, 0, 2, 0, 2, 0, 2, 1, 1, 2, 2, 2, 2, 0, 0, 2, 2, 0, 1, 1, 2, 2, 2, 0, 2, 0, 2, 2, 2, 0, 2, 0, 2, 2, 2, 0, 2, 2, 1, 2, 1, 1, 2, 2, 2, 1, 2, 2, 2, 2, 2, 2, 0, 2, 2, 2, 2, 2, 1, 2, 1, 2, 2, 0, 2, 2, 2, 2, 2, 1, 2, 0, 0, 2, 2, 2, 2, 0, 2, 1, 1, 2, 2, 2, 1, 2, 2, 2, 2, 2, 2, 2, 2, …]54: (150) [2, 2, 1, 2, 2, 2, 1, 2, 0, 0, 2, 0, 0, 0, 2, 0, 0, 0, 2, 2, 0, 0, 2, 0, 2, 2, 1, 2, 2, 2, 1, 2, 2, 2, 1, 2, 0, 2, 2, 2, 2, 2, 0, 1, 2, 2, 2, 0, 2, 2, 2, 2, 1, 2, 2, 2, 2, 2, 2, 2, 0, 2, 2, 2, 1, 2, 2, 0, 2, 1, 1, 2, 2, 2, 0, 2, 1, 1, 2, 2, 0, 2, 0, 2, 1, 0, 1, 2, 2, 2, 2, 2, 0, 2, 2, 2, 2, 2, 2, 2, …]55: (150) [2, 2, 0, 0, 2, 2, 0, 0, 1, 2, 2, 1, 2, 0, 2, 1, 0, 1, 2, 2, 1, 0, 2, 1, 1, 1, 0, 2, 2, 2, 1, 2, 0, 2, 1, 2, 2, 2, 1, 2, 2, 2, 0, 1, 2, 0, 2, 1, 2, 2, 2, 2, 2, 2, 2, 2, 2, 2, 2, 1, 0, 2, 2, 2, 0, 0, 2, 1, 2, 0, 1, 2, 2, 2, 1, 2, 1, 2, 1, 1, 1, 2, 0, 2, 0, 2, 0, 1, 0, 2, 2, 2, 2, 2, 2, 2, 2, 0, 2, 2, …]56: (150) [0, 2, 0, 1, 1, 2, 0, 1, 0, 2, 0, 2, 0, 0, 0, 0, 1, 0, 2, 2, 0, 0, 2, 2, 1, 0, 2, 2, 0, 2, 1, 2, 0, 2, 0, 2, 1, 2, 1, 2, 2, 2, 1, 2, 2, 0, 2, 1, 1, 2, 2, 2, 1, 2, 2, 2, 2, 2, 2, 1, 2, 2, 2, 2, 2, 1, 2, 1, 2, 1, 2, 2, 2, 2, 2, 2, 2, 1, 1, 0, 1, 2, 2, 2, 2, 2, 0, 2, 2, 2, 2, 2, 0, 2, 2, 2, 2, 1, 2, 2, …]57: (150) [0, 2, 0, 0, 0, 1, 1, 2, 0, 2, 2, 1, 0, 2, 1, 0, 2, 1, 2, 2, 2, 1, 2, 1, 0, 2, 1, 2, 0, 2, 2, 2, 2, 2, 1, 2, 1, 2, 2, 2, 2, 2, 0, 1, 2, 2, 2, 2, 2, 2, 1, 2, 0, 2, 2, 2, 2, 2, 2, 1, 0, 2, 2, 2, 2, 2, 2, 2, 2, 1, 2, 2, 2, 2, 1, 2, 0, 1, 0, 1, 0, 2, 2, 2, 2, 1, 2, 2, 0, 2, 2, 2, 2, 2, 2, 2, 2, 2, 2, 2, …]58: (150) [1, 2, 0, 0, 0, 1, 2, 2, 0, 0, 0, 0, 2, 0, 2, 2, 0, 0, 2, 2, 2, 2, 2, 1, 0, 0, 1, 2, 1, 2, 2, 2, 2, 2, 2, 2, 2, 2, 2, 2, 2, 2, 2, 0, 2, 2, 2, 0, 0, 2, 2, 2, 2, 2, 2, 2, 2, 2, 2, 1, 0, 2, 2, 0, 0, 0, 2, 2, 2, 1, 0, 2, 2, 2, 0, 2, 0, 1, 0, 0, 0, 2, 2, 2, 1, 1, 1, 1, 1, 2, 2, 2, 2, 2, 2, 2, 2, 0, 2, 2, …]59: (150) [0, 2, 1, 1, 1, 2, 0, 2, 1, 0, 1, 0, 0, 2, 1, 0, 0, 2, 2, 2, 0, 2, 2, 1, 2, 1, 0, 2, 1, 2, 2, 2, 2, 2, 0, 2, 0, 2, 2, 2, 2, 2, 1, 2, 2, 0, 2, 1, 0, 2, 1, 2, 1, 2, 2, 2, 2, 2, 2, 0, 1, 2, 2, 1, 1, 0, 2, 0, 2, 2, 0, 2, 2, 2, 2, 2, 0, 0, 1, 2, 2, 2, 1, 2, 2, 2, 0, 2, 2, 2, 2, 1, 1, 2, 2, 2, 2, 1, 2, 2, …]60: (150) [2, 2, 2, 0, 0, 2, 1, 2, 0, 2, 1, 1, 1, 1, 2, 1, 1, 2, 2, 2, 0, 1, 2, 2, 0, 0, 1, 2, 2, 2, 2, 2, 1, 2, 2, 2, 0, 2, 0, 2, 2, 2, 0, 2, 2, 1, 2, 0, 2, 2, 2, 2, 0, 2, 2, 2, 2, 2, 2, 1, 0, 2, 2, 2, 1, 1, 2, 0, 2, 1, 2, 2, 2, 2, 1, 2, 2, 0, 2, 0, 0, 2, 1, 2, 1, 2, 2, 2, 1, 2, 2, 0, 0, 2, 2, 2, 2, 2, 2, 2, …]61: (150) [1, 2, 2, 1, 2, 2, 1, 0, 2, 1, 0, 0, 2, 1, 0, 0, 2, 2, 2, 2, 0, 2, 2, 1, 2, 0, 1, 2, 0, 2, 1, 2, 1, 2, 2, 2, 0, 2, 0, 2, 2, 2, 2, 1, 2, 1, 2, 2, 0, 2, 0, 2, 1, 2, 2, 2, 2, 2, 2, 1, 2, 2, 2, 1, 1, 1, 2, 2, 2, 2, 0, 2, 2, 2, 1, 2, 1, 1, 1, 1, 0, 2, 2, 2, 0, 1, 1, 0, 1, 2, 2, 2, 1, 2, 2, 2, 2, 0, 2, 2, …]62: (150) [0, 2, 0, 1, 2, 0, 2, 2, 0, 1, 0, 2, 2, 2, 0, 2, 0, 2, 2, 2, 1, 1, 2, 1, 1, 1, 2, 2, 0, 2, 2, 0, 2, 2, 1, 2, 1, 2, 2, 2, 2, 2, 1, 2, 2, 2, 2, 0, 1, 2, 2, 2, 0, 2, 2, 2, 2, 2, 2, 0, 2, 2, 2, 0, 1, 0, 2, 2, 2, 2, 2, 2, 2, 2, 2, 2, 0, 1, 2, 2, 1, 2, 1, 2, 1, 0, 0, 0, 0, 2, 2, 1, 0, 2, 2, 2, 2, 0, 2, 2, …]63: (150) [0, 2, 0, 0, 2, 0, 1, 2, 0, 2, 0, 0, 1, 0, 2, 1, 1, 0, 2, 2, 1, 0, 2, 1, 1, 2, 2, 2, 1, 2, 1, 1, 0, 2, 0, 2, 1, 2, 0, 2, 2, 2, 2, 1, 2, 1, 2, 2, 2, 0, 1, 2, 2, 2, 2, 2, 2, 2, 2, 1, 2, 2, 2, 2, 0, 2, 2, 2, 2, 1, 0, 2, 2, 2, 2, 2, 2, 0, 0, 1, 0, 2, 1, 2, 2, 1, 0, 1, 2, 2, 2, 2, 0, 2, 2, 2, 2, 2, 2, 2, …]64: (150) [2, 2, 0, 0, 1, 0, 2, 1, 2, 1, 0, 0, 2, 2, 2, 1, 0, 2, 2, 2, 0, 0, 2, 1, 1, 2, 2, 2, 2, 2, 2, 0, 0, 2, 2, 2, 1, 2, 2, 2, 2, 2, 0, 1, 2, 0, 2, 1, 0, 2, 1, 2, 2, 2, 2, 2, 2, 2, 2, 1, 2, 2, 2, 0, 2, 0, 2, 1, 2, 2, 1, 2, 2, 2, 1, 2, 1, 1, 1, 1, 1, 2, 2, 2, 0, 0, 0, 2, 2, 2, 2, 1, 2, 2, 2, 2, 2, 1, 2, 2, …]65: (150) [0, 2, 2, 0, 0, 1, 2, 2, 1, 0, 1, 2, 0, 1, 1, 0, 1, 0, 2, 2, 0, 1, 2, 0, 2, 2, 0, 2, 2, 2, 1, 2, 1, 2, 2, 2, 2, 2, 1, 2, 2, 2, 1, 1, 2, 0, 2, 2, 0, 1, 2, 2, 0, 2, 2, 2, 2, 2, 2, 1, 1, 2, 2, 1, 2, 1, 2, 0, 2, 0, 0, 2, 2, 2, 0, 2, 0, 2, 1, 2, 0, 2, 0, 2, 0, 1, 0, 1, 1, 2, 2, 1, 1, 2, 2, 2, 2, 2, 2, 2, …]66: (150) [2, 2, 2, 0, 1, 0, 1, 2, 1, 0, 1, 2, 0, 2, 2, 1, 1, 2, 2, 2, 2, 1, 2, 2, 0, 2, 0, 2, 1, 2, 2, 2, 0, 2, 0, 2, 2, 2, 2, 2, 2, 2, 2, 2, 2, 1, 2, 0, 0, 2, 0, 2, 1, 2, 2, 2, 2, 2, 2, 1, 2, 2, 2, 1, 0, 1, 2, 1, 2, 0, 2, 2, 2, 2, 1, 2, 2, 2, 1, 1, 1, 2, 2, 2, 2, 0, 0, 2, 1, 2, 2, 2, 0, 2, 2, 2, 2, 0, 2, 2, …]67: (150) [1, 2, 2, 0, 2, 2, 2, 2, 1, 0, 0, 1, 0, 2, 1, 0, 1, 1, 2, 2, 1, 1, 2, 0, 1, 1, 1, 2, 0, 2, 1, 0, 0, 2, 1, 2, 1, 2, 1, 2, 2, 2, 2, 2, 2, 0, 2, 2, 2, 0, 1, 2, 0, 2, 2, 2, 2, 1, 2, 1, 1, 2, 2, 2, 0, 1, 2, 0, 2, 0, 1, 2, 2, 2, 1, 2, 0, 0, 0, 2, 1, 2, 1, 2, 0, 2, 2, 1, 2, 2, 2, 0, 0, 2, 2, 2, 2, 1, 2, 2, …]68: (150) [0, 2, 2, 1, 0, 1, 2, 1, 0, 0, 1, 1, 2, 0, 0, 2, 2, 1, 2, 2, 2, 0, 2, 2, 1, 1, 1, 2, 1, 2, 2, 0, 2, 2, 0, 2, 2, 2, 2, 0, 2, 2, 1, 1, 2, 0, 2, 2, 1, 1, 1, 2, 0, 2, 2, 2, 2, 1, 2, 1, 1, 2, 2, 2, 1, 2, 2, 2, 2, 2, 1, 2, 2, 2, 2, 2, 0, 1, 2, 1, 0, 2, 2, 2, 2, 1, 0, 2, 1, 2, 2, 0, 2, 2, 2, 2, 2, 2, 2, 2, …]69: (150) [1, 2, 1, 0, 0, 1, 1, 2, 2, 2, 1, 0, 2, 0, 1, 1, 2, 2, 2, 2, 2, 1, 2, 1, 2, 0, 0, 2, 1, 2, 0, 1, 2, 2, 0, 2, 2, 2, 0, 2, 2, 2, 1, 1, 2, 1, 2, 1, 1, 1, 0, 2, 2, 2, 2, 2, 2, 2, 2, 2, 1, 2, 2, 0, 0, 1, 2, 1, 2, 0, 2, 2, 2, 2, 1, 2, 0, 0, 0, 1, 2, 2, 0, 2, 2, 1, 1, 2, 0, 2, 2, 2, 2, 2, 2, 2, 2, 1, 2, 2, …]70: (150) [2, 2, 0, 1, 1, 1, 1, 0, 2, 1, 2, 2, 1, 2, 2, 2, 0, 0, 2, 2, 2, 0, 2, 0, 2, 0, 1, 2, 0, 2, 0, 0, 0, 2, 2, 2, 0, 2, 1, 0, 2, 2, 2, 1, 2, 0, 2, 1, 2, 0, 0, 2, 2, 2, 2, 2, 2, 1, 2, 1, 0, 2, 2, 0, 1, 0, 2, 1, 2, 0, 2, 2, 2, 2, 1, 2, 2, 0, 0, 1, 2, 2, 2, 2, 1, 1, 0, 2, 1, 2, 2, 0, 0, 2, 2, 2, 2, 0, 2, 2, …]71: (150) [2, 2, 1, 1, 1, 2, 1, 2, 1, 2, 2, 1, 1, 1, 0, 2, 1, 0, 2, 2, 2, 0, 2, 2, 2, 2, 1, 2, 1, 2, 1, 0, 1, 2, 1, 2, 0, 2, 0, 0, 2, 2, 0, 0, 2, 2, 2, 2, 0, 1, 0, 2, 0, 2, 2, 2, 2, 2, 2, 0, 2, 2, 2, 0, 1, 2, 2, 0, 2, 1, 0, 2, 2, 2, 0, 2, 1, 1, 0, 1, 2, 2, 1, 2, 1, 1, 2, 2, 2, 2, 2, 0, 0, 2, 2, 2, 2, 0, 2, 2, …]72: (150) [1, 0, 0, 2, 1, 0, 0, 0, 1, 1, 2, 2, 1, 2, 0, 1, 0, 2, 2, 2, 2, 0, 2, 0, 1, 0, 1, 2, 0, 2, 1, 1, 2, 2, 2, 2, 1, 2, 0, 0, 2, 2, 2, 1, 2, 0, 2, 2, 0, 0, 2, 2, 0, 2, 2, 2, 2, 2, 2, 1, 1, 2, 2, 2, 2, 0, 2, 0, 2, 0, 1, 2, 2, 2, 2, 2, 0, 2, 0, 1, 0, 2, 1, 2, 0, 1, 0, 0, 1, 2, 2, 1, 0, 0, 2, 2, 2, 2, 2, 2, …]73: (150) [1, 2, 2, 1, 0, 1, 1, 1, 0, 1, 2, 0, 1, 2, 0, 2, 0, 2, 2, 2, 0, 2, 2, 1, 1, 0, 2, 2, 0, 0, 2, 1, 1, 2, 2, 2, 1, 2, 1, 1, 2, 2, 1, 0, 2, 0, 2, 2, 2, 1, 0, 2, 1, 2, 2, 2, 1, 1, 2, 0, 1, 2, 2, 1, 2, 1, 2, 2, 2, 0, 0, 2, 2, 2, 2, 2, 1, 1, 1, 1, 0, 2, 1, 2, 1, 0, 2, 0, 0, 2, 2, 1, 0, 2, 2, 1, 2, 1, 2, 2, …]74: (150) [2, 2, 1, 0, 2, 1, 0, 2, 0, 1, 2, 0, 1, 1, 1, 0, 0, 0, 2, 2, 0, 2, 2, 1, 1, 0, 0, 2, 1, 0, 2, 0, 0, 2, 1, 2, 2, 2, 2, 1, 2, 2, 2, 1, 2, 1, 2, 0, 0, 2, 2, 2, 0, 2, 2, 2, 1, 2, 2, 1, 2, 2, 2, 1, 1, 1, 2, 2, 2, 1, 1, 2, 2, 2, 2, 2, 0, 2, 1, 0, 2, 2, 2, 2, 1, 0, 2, 0, 1, 2, 2, 1, 2, 2, 2, 2, 2, 0, 2, 2, …]75: (150) [2, 1, 1, 0, 1, 1, 1, 0, 2, 2, 2, 0, 0, 2, 0, 0, 1, 0, 2, 2, 2, 1, 2, 2, 1, 1, 2, 2, 1, 0, 1, 1, 2, 2, 0, 2, 1, 2, 2, 2, 2, 2, 2, 0, 2, 0, 2, 2, 2, 2, 1, 2, 2, 2, 2, 2, 2, 0, 2, 0, 2, 2, 2, 0, 0, 1, 2, 0, 2, 1, 1, 2, 2, 2, 0, 2, 0, 0, 2, 2, 0, 2, 2, 0, 2, 1, 2, 2, 1, 2, 2, 1, 1, 0, 2, 0, 2, 1, 2, 2, …]76: (150) [0, 2, 2, 2, 0, 0, 1, 0, 1, 0, 0, 2, 2, 0, 1, 1, 0, 1, 2, 2, 2, 0, 2, 2, 1, 1, 1, 2, 2, 0, 2, 0, 2, 2, 2, 2, 1, 2, 2, 0, 2, 2, 0, 1, 2, 2, 2, 0, 2, 1, 1, 2, 0, 2, 2, 2, 2, 2, 2, 1, 0, 2, 2, 2, 0, 2, 2, 2, 2, 0, 1, 2, 2, 2, 1, 2, 2, 2, 0, 2, 1, 2, 0, 0, 0, 0, 0, 1, 1, 2, 2, 2, 2, 0, 2, 1, 2, 2, 2, 2, …]77: (150) [0, 1, 1, 0, 2, 2, 0, 0, 0, 1, 2, 1, 0, 2, 0, 1, 0, 1, 2, 2, 1, 2, 2, 2, 2, 2, 2, 2, 0, 0, 1, 2, 2, 2, 1, 2, 2, 2, 0, 1, 2, 2, 1, 1, 2, 0, 2, 0, 1, 0, 1, 2, 1, 2, 2, 2, 1, 1, 2, 2, 1, 2, 2, 0, 1, 1, 2, 1, 2, 0, 1, 2, 2, 2, 2, 2, 0, 1, 1, 2, 2, 2, 1, 1, 2, 2, 1, 0, 2, 2, 2, 2, 1, 2, 2, 0, 2, 2, 2, 2, …]78: (150) [0, 0, 0, 0, 1, 2, 0, 2, 0, 1, 0, 0, 2, 0, 0, 2, 2, 0, 2, 2, 2, 1, 2, 0, 2, 2, 0, 2, 0, 1, 0, 1, 1, 2, 0, 2, 2, 2, 0, 0, 2, 2, 2, 2, 2, 2, 2, 0, 0, 2, 0, 2, 2, 2, 2, 2, 1, 2, 2, 2, 2, 2, 2, 1, 1, 2, 2, 2, 2, 0, 1, 2, 2, 2, 0, 2, 2, 2, 2, 2, 2, 2, 0, 0, 2, 2, 1, 0, 2, 2, 2, 2, 1, 2, 2, 0, 2, 2, 2, 2, …]79: (150) [2, 0, 0, 2, 0, 1, 2, 1, 1, 0, 0, 1, 2, 1, 0, 0, 1, 2, 2, 2, 2, 1, 2, 0, 0, 1, 0, 2, 0, 2, 1, 2, 0, 2, 2, 2, 1, 2, 2, 1, 2, 2, 0, 2, 2, 0, 2, 0, 1, 2, 2, 2, 0, 2, 2, 2, 2, 0, 2, 1, 1, 2, 2, 1, 0, 2, 2, 1, 2, 0, 0, 2, 2, 2, 2, 2, 2, 2, 1, 2, 2, 2, 1, 1, 2, 2, 0, 2, 0, 2, 2, 1, 2, 1, 2, 2, 2, 1, 2, 2, …]80: (150) [2, 1, 1, 1, 0, 2, 2, 2, 2, 1, 1, 2, 2, 2, 2, 1, 1, 2, 2, 2, 1, 2, 2, 0, 0, 1, 2, 2, 1, 1, 0, 1, 1, 2, 0, 2, 1, 2, 1, 2, 2, 2, 2, 2, 0, 1, 2, 0, 0, 0, 1, 2, 2, 2, 2, 2, 0, 1, 2, 2, 0, 2, 2, 0, 0, 1, 2, 2, 2, 1, 2, 2, 2, 2, 0, 2, 1, 0, 2, 1, 0, 2, 2, 2, 1, 1, 0, 1, 2, 2, 2, 1, 2, 0, 2, 0, 2, 2, 2, 2, …]81: (150) [0, 1, 1, 2, 0, 2, 1, 2, 0, 1, 0, 2, 0, 2, 0, 1, 0, 2, 2, 2, 2, 1, 2, 1, 1, 0, 1, 2, 1, 1, 1, 1, 2, 2, 1, 2, 0, 2, 2, 2, 2, 2, 2, 2, 2, 0, 2, 1, 2, 0, 1, 2, 0, 2, 2, 2, 0, 1, 2, 1, 1, 2, 2, 0, 2, 0, 2, 0, 2, 1, 1, 2, 2, 2, 2, 2, 0, 1, 2, 2, 0, 2, 1, 0, 2, 1, 1, 0, 2, 2, 2, 0, 0, 1, 2, 2, 2, 2, 2, 2, …]82: (150) [2, 1, 0, 0, 0, 1, 2, 2, 1, 0, 1, 1, 1, 0, 1, 1, 1, 1, 2, 2, 1, 2, 2, 1, 1, 2, 0, 2, 2, 1, 2, 0, 2, 2, 0, 2, 1, 2, 1, 2, 2, 2, 0, 0, 0, 2, 2, 1, 1, 2, 1, 2, 0, 2, 2, 2, 2, 1, 2, 1, 2, 2, 2, 0, 0, 1, 2, 0, 2, 0, 0, 2, 2, 2, 2, 2, 1, 2, 0, 1, 0, 2, 1, 2, 1, 1, 0, 1, 0, 2, 2, 2, 0, 2, 2, 0, 2, 2, 0, 2, …]83: (150) [2, 1, 2, 1, 2, 1, 2, 2, 0, 0, 1, 0, 1, 0, 2, 1, 0, 1, 2, 2, 0, 0, 2, 0, 1, 2, 1, 2, 1, 1, 0, 2, 2, 2, 0, 2, 1, 2, 0, 0, 2, 2, 2, 1, 2, 2, 2, 0, 0, 0, 2, 2, 1, 2, 2, 2, 1, 2, 2, 2, 2, 2, 2, 0, 0, 0, 2, 0, 2, 1, 1, 2, 2, 2, 0, 2, 0, 2, 1, 1, 0, 2, 0, 2, 0, 1, 2, 1, 0, 2, 2, 0, 2, 0, 2, 1, 2, 2, 0, 2, …]84: (150) [2, 0, 2, 1, 1, 1, 0, 2, 2, 1, 2, 2, 0, 0, 2, 0, 1, 2, 2, 2, 0, 2, 2, 0, 0, 1, 1, 2, 1, 2, 0, 1, 1, 2, 0, 2, 2, 2, 2, 2, 2, 2, 1, 2, 2, 2, 2, 2, 1, 0, 0, 2, 0, 2, 2, 2, 0, 2, 2, 2, 2, 2, 2, 1, 0, 2, 2, 1, 2, 1, 0, 2, 2, 2, 0, 2, 1, 0, 1, 2, 0, 2, 1, 0, 1, 0, 2, 1, 0, 2, 2, 0, 1, 0, 2, 1, 2, 2, 1, 0, …]85: (150) [2, 0, 2, 2, 1, 2, 1, 0, 0, 1, 0, 2, 0, 1, 0, 2, 2, 0, 2, 2, 1, 2, 2, 1, 1, 2, 0, 2, 2, 0, 0, 2, 2, 2, 1, 2, 1, 2, 1, 0, 2, 2, 0, 1, 0, 0, 2, 1, 2, 1, 0, 2, 0, 2, 2, 2, 0, 1, 2, 1, 1, 2, 2, 1, 2, 1, 2, 0, 2, 0, 2, 2, 2, 2, 2, 1, 2, 2, 1, 0, 2, 2, 1, 2, 1, 1, 0, 0, 2, 2, 2, 0, 2, 0, 2, 1, 2, 0, 0, 2, …]86: (150) [0, 1, 1, 0, 1, 0, 2, 0, 0, 0, 1, 1, 1, 1, 0, 0, 1, 1, 2, 2, 1, 2, 2, 1, 1, 2, 2, 2, 0, 2, 0, 0, 0, 2, 1, 2, 1, 2, 1, 0, 2, 2, 0, 1, 0, 2, 2, 1, 0, 0, 2, 2, 0, 2, 2, 2, 0, 0, 2, 0, 2, 2, 2, 2, 1, 0, 2, 2, 2, 2, 1, 2, 2, 2, 2, 0, 0, 2, 0, 0, 0, 2, 0, 1, 0, 0, 0, 1, 2, 2, 2, 2, 2, 1, 2, 1, 2, 2, 2, 0, …]87: (150) [0, 1, 0, 0, 2, 0, 0, 1, 1, 2, 2, 1, 1, 2, 1, 2, 0, 1, 2, 2, 0, 2, 2, 2, 0, 1, 2, 2, 2, 0, 1, 2, 1, 2, 2, 2, 2, 2, 1, 2, 2, 2, 2, 1, 2, 0, 2, 0, 0, 0, 0, 2, 0, 2, 2, 2, 2, 0, 2, 1, 0, 2, 0, 2, 2, 1, 2, 1, 2, 0, 1, 2, 2, 2, 0, 0, 1, 0, 0, 2, 1, 2, 1, 0, 0, 2, 1, 2, 0, 2, 2, 0, 1, 2, 2, 0, 2, 0, 2, 1, …]88: (150) [1, 2, 2, 2, 0, 0, 2, 1, 1, 2, 0, 1, 0, 2, 2, 0, 1, 2, 2, 2, 0, 2, 2, 0, 0, 1, 0, 2, 1, 1, 1, 1, 1, 2, 2, 2, 1, 2, 0, 2, 2, 2, 0, 1, 1, 0, 2, 1, 2, 2, 1, 2, 2, 2, 2, 2, 0, 1, 2, 1, 2, 2, 0, 2, 1, 2, 2, 1, 2, 0, 0, 2, 2, 2, 1, 0, 1, 1, 1, 2, 1, 2, 1, 0, 2, 2, 1, 0, 2, 2, 2, 2, 0, 2, 2, 0, 2, 1, 1, 2, …]89: (150) [2, 0, 0, 2, 2, 2, 2, 2, 0, 1, 0, 2, 2, 2, 2, 1, 1, 2, 2, 2, 1, 0, 2, 1, 2, 2, 1, 2, 1, 0, 1, 2, 1, 2, 1, 2, 0, 0, 0, 2, 2, 2, 0, 2, 1, 1, 2, 2, 1, 1, 0, 2, 0, 2, 2, 2, 1, 2, 2, 1, 0, 2, 2, 0, 1, 2, 2, 0, 2, 1, 0, 2, 2, 2, 1, 0, 1, 2, 1, 2, 1, 2, 1, 1, 2, 0, 2, 2, 0, 2, 2, 0, 2, 2, 2, 2, 2, 2, 0, 1, …]90: (150) [1, 0, 1, 0, 1, 0, 2, 2, 2, 0, 1, 1, 2, 2, 0, 0, 0, 0, 2, 2, 2, 0, 2, 0, 1, 0, 2, 2, 2, 2, 0, 1, 2, 0, 1, 2, 0, 1, 0, 1, 2, 2, 0, 2, 0, 1, 2, 2, 2, 0, 1, 2, 1, 2, 2, 2, 0, 2, 2, 1, 1, 2, 0, 0, 2, 0, 2, 2, 2, 2, 2, 2, 2, 2, 2, 0, 0, 1, 2, 1, 1, 2, 0, 0, 2, 0, 2, 2, 0, 2, 2, 1, 1, 0, 2, 2, 2, 2, 2, 0, …]91: (150) [1, 1, 0, 2, 0, 1, 2, 2, 2, 1, 1, 2, 0, 1, 0, 1, 2, 1, 2, 2, 2, 1, 2, 2, 1, 1, 1, 2, 2, 2, 0, 0, 2, 1, 2, 2, 1, 1, 0, 0, 2, 2, 0, 2, 2, 2, 2, 0, 0, 0, 1, 2, 1, 2, 2, 2, 0, 1, 2, 0, 0, 2, 2, 1, 0, 1, 2, 0, 2, 2, 2, 2, 2, 2, 2, 1, 0, 0, 2, 1, 0, 2, 2, 1, 1, 2, 1, 0, 1, 2, 2, 0, 2, 1, 2, 2, 2, 2, 2, 0, …]92: (150) [2, 2, 1, 0, 1, 2, 0, 2, 1, 2, 0, 2, 2, 0, 0, 2, 2, 0, 2, 2, 0, 0, 2, 1, 1, 1, 0, 2, 2, 1, 1, 0, 0, 1, 1, 2, 2, 2, 2, 1, 2, 2, 1, 2, 2, 0, 0, 0, 1, 0, 2, 2, 2, 2, 2, 2, 1, 0, 2, 2, 0, 2, 2, 0, 2, 2, 2, 2, 2, 1, 1, 2, 2, 2, 2, 1, 0, 2, 0, 1, 2, 2, 2, 2, 1, 2, 1, 0, 0, 2, 2, 0, 2, 2, 2, 0, 2, 2, 2, 2, …]93: (150) [0, 0, 0, 1, 2, 0, 1, 0, 2, 1, 1, 0, 2, 1, 2, 1, 2, 2, 2, 2, 0, 0, 2, 1, 1, 0, 2, 2, 0, 1, 0, 0, 1, 0, 1, 2, 1, 2, 2, 1, 2, 2, 0, 1, 1, 2, 2, 2, 1, 2, 0, 2, 1, 2, 2, 2, 0, 2, 0, 1, 2, 2, 1, 0, 1, 0, 2, 1, 2, 2, 0, 2, 2, 2, 1, 2, 1, 2, 0, 1, 2, 2, 2, 2, 0, 2, 2, 2, 2, 2, 2, 2, 1, 1, 2, 1, 2, 0, 2, 2, …]94: (150) [1, 0, 0, 1, 2, 2, 0, 1, 1, 0, 1, 2, 0, 2, 2, 0, 1, 0, 2, 2, 0, 0, 2, 2, 0, 0, 2, 2, 1, 1, 1, 1, 2, 1, 1, 2, 0, 2, 2, 0, 2, 2, 2, 0, 2, 1, 1, 1, 0, 2, 2, 2, 1, 2, 2, 1, 1, 0, 2, 2, 2, 2, 1, 1, 1, 2, 2, 2, 2, 0, 0, 2, 2, 2, 0, 0, 1, 0, 1, 0, 2, 2, 0, 0, 1, 0, 2, 2, 2, 2, 1, 2, 1, 2, 2, 1, 2, 0, 0, 2, …]95: (150) [0, 0, 0, 2, 0, 0, 1, 2, 0, 2, 1, 1, 1, 1, 2, 2, 1, 1, 2, 2, 1, 1, 2, 0, 1, 1, 0, 2, 0, 1, 2, 2, 1, 0, 0, 2, 2, 0, 1, 0, 2, 2, 2, 0, 0, 1, 0, 0, 2, 1, 0, 2, 1, 2, 2, 2, 0, 0, 0, 2, 2, 2, 2, 0, 2, 0, 2, 1, 2, 1, 0, 2, 2, 2, 2, 1, 1, 0, 0, 1, 2, 2, 2, 2, 1, 2, 2, 0, 1, 2, 2, 2, 0, 2, 2, 1, 2, 2, 1, 1, …]96: (150) [1, 0, 2, 0, 0, 1, 0, 2, 1, 1, 2, 1, 2, 0, 1, 1, 1, 1, 2, 2, 1, 0, 2, 0, 2, 0, 0, 2, 1, 1, 0, 2, 0, 2, 2, 2, 1, 1, 1, 2, 2, 2, 0, 1, 1, 1, 2, 0, 1, 0, 1, 2, 0, 2, 2, 2, 2, 2, 0, 1, 2, 2, 0, 2, 0, 0, 2, 0, 2, 1, 0, 2, 2, 2, 2, 1, 1, 0, 2, 1, 2, 2, 1, 0, 1, 1, 1, 2, 2, 2, 0, 2, 1, 0, 2, 1, 2, 2, 0, 2, …]97: (150) [1, 1, 1, 0, 1, 0, 0, 2, 2, 1, 1, 0, 2, 0, 2, 2, 0, 0, 2, 2, 0, 1, 2, 2, 2, 1, 0, 2, 0, 2, 0, 0, 0, 1, 0, 2, 2, 1, 2, 0, 2, 2, 2, 2, 0, 0, 0, 1, 2, 0, 0, 2, 0, 2, 2, 1, 1, 2, 1, 1, 0, 2, 1, 2, 1, 0, 2, 2, 2, 2, 2, 2, 2, 2, 2, 1, 0, 0, 0, 2, 2, 2, 2, 2, 0, 0, 1, 0, 2, 2, 2, 1, 0, 1, 2, 0, 2, 1, 2, 0, …]98: (150) [2, 1, 1, 2, 0, 1, 0, 0, 0, 2, 0, 1, 2, 1, 0, 1, 0, 2, 2, 2, 2, 2, 2, 1, 0, 2, 1, 2, 0, 1, 2, 2, 0, 2, 1, 2, 0, 0, 0, 0, 2, 2, 1, 1, 0, 1, 1, 2, 0, 0, 2, 2, 0, 2, 2, 1, 2, 1, 2, 1, 2, 2, 0, 1, 0, 2, 2, 0, 2, 1, 2, 2, 2, 2, 0, 1, 0, 1, 2, 1, 1, 2, 2, 0, 1, 0, 0, 2, 2, 2, 1, 0, 1, 0, 2, 0, 2, 0, 2, 0, …]99: (150) [2, 0, 2, 2, 2, 2, 1, 2, 1, 1, 0, 2, 2, 1, 0, 0, 1, 2, 1, 0, 1, 2, 1, 1, 1, 0, 0, 0, 1, 2, 1, 0, 2, 1, 0, 0, 2, 0, 2, 1, 1, 0, 1, 2, 1, 0, 2, 0, 2, 0, 0, 0, 0, 0, 0, 2, 2, 2, 0, 2, 0, 0, 2, 1, 0, 1, 1, 1, 0, 0, 2, 0, 0, 0, 2, 1, 2, 0, 1, 1, 0, 0, 2, 1, 2, 1, 0, 0, 1, 0, 2, 1, 2, 1, 0, 2, 0, 1, 2, 0, …]length: 100__proto__: Array(0)
let fewest0s = 150;
undefined
let fewest0sIndex = 0;
undefined
for(let i = 0; i < layers.length; i++){
    let zeroCount = layers[i].filter((val) => val === 0).length;
    if(zeroCount < fewest0s){
        fewest0s = zeroCount;
        fewest0sIndex = i;
    }
}
undefined
let layerWithFewest0s = layers[fewest0sIndex];
undefined
layerWithFewest0s.filter(x => x === 1).length * layerWithFewest0s.filter(x => x === 2).length
1340
let image = layers[0].slice();
undefined
for(let lay = 1; lay < layers.length; lay++){
    for(let i = 0; i < layerSize; i++){
        if(image[i] === 2){
            image[i] === layers[lay][i];
        }
    }
}
false
for(let lay = 1; lay < layers.length; lay++){
    for(let i = 0; i < layerSize; i++){
        if(image[i] === 2){
            image[i] = layers[lay][i];
        }
    }
}
undefined
let imageStr = '';
undefined
for(let row  = 0; row < height; row ++){
   for(let col = 0; col < width; col++){ 
VM3116:2 Uncaught SyntaxError: Unexpected end of input
let imgIndex = 0;
undefined
for(let row = 0; row < height; row++){
    for(let col = 0; col < width; col++){
        if(image[imgIndex]){
            imageStr += ' ';
        } else {
			imageStr += '*';
        }
    }
	imageStr += '\r\n';
}
"                         
                         
                         
                         
                         
                         
"
imageString
VM3547:1 Uncaught ReferenceError: imageString is not defined
    at <anonymous>:1:1
(anonymous) @ VM3547:1
imageStr = '';
""
for(let row = 0; row < height; row++){
    for(let col = 0; col < width; col++){
        if(image[imgIndex]){
            imageStr += ' ';
        } else {
			imageStr += '*';
        }
		imgIndex++;
    }
	imageStr += '\r\n';
}
" ****    ***  * ** **  **
 **** ******* * * ** ** *
 ****   ***** *  *** ****
 **** ******* * * ** ****
 **** **** ** * * ** ** *
    *    **  ** ** **  **
"
image = layers[0].slice();
(150) [2, 2, 2, 0, 0, 2, 2, 1, 1, 2, 2, 0, 2, 2, 2, 2, 2, 2, 2, 2, 2, 2, 2, 2, 2, 1, 0, 2, 2, 2, 1, 2, 2, 2, 2, 2, 2, 2, 2, 2, 2, 2, 1, 2, 2, 1, 2, 0, 2, 2, 2, 2, 0, 2, 2, 2, 2, 2, 2, 0, 2, 2, 2, 2, 2, 1, 2, 0, 2, 0, 2, 2, 2, 2, 2, 2, 2, 2, 2, 2, 2, 2, 2, 2, 0, 2, 2, 2, 1, 2, 2, 2, 1, 2, 2, 2, 2, 2, 2, 2, …]
for(let lay = 1; lay < layers.length; lay++){
    for(let i = 0; i < layerSize; i++){
        if(image[i] === 2){
            image[i] = layers[lay][i];
        }
    }
}
undefined
imageStr = '';
""
for(let row = 0; row < height; row++){
    for(let col = 0; col < width; col++){
        if(image[imgIndex]){
            imageStr += ' ';
        } else {
			imageStr += '1;
        }
		imgIndex++;
    }
	imageStr += '\r\n';
}
VM3661:6 Uncaught SyntaxError: Invalid or unexpected token
for(let row = 0; row < height; row++){
    for(let col = 0; col < width; col++){
        if(image[imgIndex]){
            imageStr += ' ';
        } else {
			imageStr += '|';
        }
		imgIndex++;
    }
	imageStr += '\r\n';
}
"|||||||||||||||||||||||||
|||||||||||||||||||||||||
|||||||||||||||||||||||||
|||||||||||||||||||||||||
|||||||||||||||||||||||||
|||||||||||||||||||||||||
"
imageStr = '';
""
imageStr = '\r\n';
"
"
for(let row = 0; row < height; row++){
    for(let col = 0; col < width; col++){
        if(image[imgIndex] === 0){
            imageStr += '|';
        } else {
			imageStr += ' ';
        }
		imgIndex++;
    }
	imageStr += '\r\n';
}
"
                         
                         
                         
                         
                         
                         
"
imgIndex = 0;
0
for(let row = 0; row < height; row++){
    for(let col = 0; col < width; col++){
        if(image[imgIndex] === 0){
            imageStr += '|';
        } else {
			imageStr += ' ';
        }
		imgIndex++;
    }
	imageStr += '\r\n';
}
"
                         
                         
                         
                         
                         
                         
 ||||    |||  | || ||  ||
 |||| ||||||| | | || || |
 ||||   ||||| |  ||| ||||
 |||| ||||||| | | || ||||
 |||| |||| || | | || || |
    |    ||  || || ||  ||
"
imageStr = '\r\n';
"
"
for(let row = 0; row < height; row++){
    for(let col = 0; col < width; col++){
        if(image[imgIndex] === 0){
            imageStr += ' ';
        } else {
			imageStr += '|';
        }
		imgIndex++;
    }
	imageStr += '\r\n';
}
"
|||||||||||||||||||||||||
|||||||||||||||||||||||||
|||||||||||||||||||||||||
|||||||||||||||||||||||||
|||||||||||||||||||||||||
|||||||||||||||||||||||||
"
imageStr = '\r\n';
"
"
imgIndex = 0;
0
for(let row = 0; row < height; row++){
    for(let col = 0; col < width; col++){
        if(image[imgIndex] === 0){
            imageStr += ' ';
        } else {
			imageStr += '|';
        }
		imgIndex++;
    }
	imageStr += '\r\n';
}
"
|    ||||   || |  |  ||  
|    |       | | |  |  | 
|    |||     | ||   |    
|    |       | | |  |    
|    |    |  | | |  |  | 
|||| ||||  ||  |  |  ||  
"
